3.606388832319142 0.19841316407838816
3.6053025977785356 0.19829170214334635
3.604854851531256 0.1982114307417322
3.6045413571261364 0.1981754358252934
3.6033208707433713 0.19791187491360174
3.6019963142455143 0.19772269369113848
3.6017868899554846 0.19767946489565014
3.601466793905928 0.19762692248796343
3.600252909167599 0.19735759647935147
3.5995076115510636 0.19722135790787854
3.598718928379714 0.19701646807610063
3.597350657782109 0.1967195726858182
3.5971849475918285 0.19667686362799697
3.597091378666268 0.19665710392475466
3.5956509668039423 0.19620715445202208
3.59480362261943 0.19598201659955228
3.5941169860160564 0.1957295488583537
3.5926379059503804 0.19520112136921952
3.592583005228171 0.19517788491843202
3.592461405841293 0.19514343873902895
3.5910490244402857 0.1946563489807458
3.5904245739468186 0.19446185343914957
3.5895150436523995 0.19400825111591602
3.5884390070483554 0.19352550000708924
3.5879810628645146 0.1932334695391198
3.5866213116267156 0.19244408657500434
3.5864470820766283 0.19230608240288793
3.584940533768916 0.19124454189969198
3.584913101288743 0.19122488107092872
3.584457248931117 0.190874287264426
3.5833791205008567 0.19003334177205122
3.583320816250783 0.1899925709631145
3.581845139712972 0.18900916085492514
3.5815888299818597 0.18883798201938196
3.580311158925086 0.18752589431019495
3.5801827862122946 0.18740192194339067
3.5794782341612623 0.18657159328011796
3.5788893582033037 0.18586902388862958
3.5787771781372 0.18570870665955286
3.577717968922997 0.18423130264269205
3.577243197349315 0.18335719375874526
3.5767207453269094 0.18244365192216438
3.576364780797152 0.18123463693361241
3.5762499877290144 0.18020233231198834
3.576395037370829 0.17861384451837625
3.576980668625173 0.17692578529908332
3.5771343700766454 0.17660552747720315
3.577243197349315 0.1764524351871506
3.5782848648931016 0.17495255884100702
3.5787771781372 0.17449695787502217
3.579721596168647 0.17354664864125202
3.580311158925086 0.17309548114253293
3.5813476772676918 0.1723041996043715
3.581845139712972 0.17193278180806493
3.5829778376853962 0.17106552775731143
3.5833791205008567 0.1708428241390283
3.584748563488961 0.16994813357851246
3.584913101288743 0.16987675549274073
3.585493147395326 0.16959038446955899
3.5864470820766283 0.16919641946365527
3.586761662426203 0.16903976416290356
3.587981062864514 0.16866752943951235
3.5889538508519 0.16828572781719986
3.5895150436523995 0.16814302926631886
3.5906614334869196 0.1677818733384535
3.5910490244402857 0.16768748127703126
3.5912512221328767 0.1676222200719466
3.5925830052281715 0.16734058308525035
3.593616567802776 0.16701744050576384
3.594116986016057 0.16690781349959494
3.595064204538644 0.16663285554140872
3.5956509668039423 0.1664832352901715
3.5959682043091776 0.16640082127591693
3.597184947591828 0.16615327411978753
3.5984153442822593 0.16586649063642556
3.598718928379714 0.1657953413983071
3.5991911355121737 0.1657214030931098
3.600252909167599 0.1655600945643949
3.6009806277018797 0.1654339391333448
3.6017868899554846 0.16530142976671391
3.6028192648503885 0.16523933680278535
3.6033208707433713 0.1651989432807408
3.6037444258373488 0.16517215804557828
3.6048548515312557 0.16512898062648884
3.6061324165009063 0.16502829195762247
3.6063888323191424 0.1650151529655035
3.6066087037284595 0.1649968346265922
3.6079228131070282 0.16493208335025744
3.6092431965808682 0.16499143384698045
3.6094567938949127 0.16499837680334628
3.6096801663660116 0.1649998483550077
3.6109907746827994 0.16505927282620148
3.612099777305033 0.16517338291360217
3.6125247554706843 0.16521954389493887
3.6130461818971185 0.16525639604929543
3.61405873625857 0.16537550654128697
3.614816420055655 0.1654757451235742
3.6155927170464555 0.16560150239771732
3.616645366155901 0.16571355176906577
3.617126697834341 0.16579167773022085
3.617467843476166 0.16583417273993972
3.6186606786222275 0.16603681542700954
3.620109777053261 0.16620076234066294
3.6201946594101124 0.16621127692239002
3.620315316237328 0.16623156578603426
3.6217286401979987 0.1665157923474565
3.62264450555316 0.16665984558314806
3.6232626209858845 0.16679538392485993
3.624239126720044 0.16696833322244586
3.62479660177377 0.1670996065463648
3.625133534173614 0.16715814087586134
3.626330582561655 0.16748299633411445
3.627519277657801 0.1677454429961629
3.6278645633495405 0.1678697031505434
3.628612572864513 0.1680922104854734
3.6293985441374264 0.16837957817959337
3.6297349181205933 0.16847925881090364
3.6309325249253117 0.16900288069349934
3.6318050087866576 0.1693385545427093
3.6324665057131984 0.16963218912568268
3.633816022809059 0.1702487200633338
3.6340004865010838 0.17033418328646732
3.634594610694854 0.17060164772261266
3.6355344672889687 0.17104487244725375
3.63580109964394 0.17118148460255878
3.6370684480768554 0.17192365210134097
3.63766616715509 0.1722178329060371
3.6386024288647403 0.17286674500205446
3.639360223305196 0.17340168198154848
3.640136409652626 0.17411896172717478
3.6408833548531443 0.1747330953736903
3.6416703904405114 0.1756519626845563
3.6422149824570766 0.17622991640701047
3.643204371228397 0.17765346757290956
3.6433657870873026 0.1778830052634306
3.6435927068338643 0.17835721539567384
3.64416955001721 0.179836170164819
3.6447383520162835 0.18197352788785093
3.644742661594861 0.18198884142638105
3.6447435999956106 0.18199709079837345
3.644738352016283 0.18205244225819883
3.644517470788999 0.18445046226955508
3.644366094274782 0.1849626896941925
3.643834708220121 0.18651050097481803
3.643204371228397 0.18785469399372823
3.6429499170435506 0.18839660288046867
3.6422369292210375 0.18945263870376072
3.6418038086326128 0.1900575295430289
3.6416703904405114 0.1901984060674935
3.6404509230216324 0.19154029967736363
3.640136409652626 0.19178068101931545
3.638868483254476 0.19282488606297932
3.6386024288647403 0.19298584263587215
3.6370700210584705 0.19392283166435198
3.6370684480768554 0.19392360833263633
3.6370624999228647 0.19392661847765158
3.6355344672889687 0.19467030927959206
3.6351067015078815 0.194878630855297
3.6340004865010833 0.19529200361924026
3.633010429596007 0.1957194318933957
3.632466505713198 0.19591935308234554
3.6309368235268282 0.19657979918865043
3.6309325249253117 0.19658119912016003
3.6309227762455993 0.19658451886295358
3.6293985441374264 0.1970443758232141
3.628707309095611 0.19730570866441455
3.6278645633495405 0.197532817867085
3.626384099304776 0.19795026166742224
3.626330582561655 0.19796012315122669
3.6262415518857485 0.19798102327869604
3.62479660177377 0.19826249031078014
3.6238688244181314 0.19842891958104958
3.623262620985884 0.19848346056323862
3.622491935796329 0.19857134091047635
3.6217286401979987 0.1986311679123618
3.6210959376465004 0.1986844091721911
3.620194659410113 0.19870912645473138
3.619105561367089 0.19884700990136484
3.618660678622227 0.19887669494682458
3.6182870242946126 0.19890866971253485
3.617126697834341 0.19892466389442842
3.6158484921396483 0.19901070788739839
3.6155927170464555 0.1990070811364213
3.6153499826881856 0.199021995735432
3.61405873625857 0.19899049499790378
3.61281955410902 0.1989769292375987
3.6125247554706843 0.1989578403702903
3.6121907652008947 0.19894300433272738
3.6109907746827994 0.1988330489114738
3.6099499143421423 0.19880525087502687
3.6094567938949127 0.1987494870954034
3.6088564691857994 0.19871244080021766
3.607922813107028 0.19862034155965258
3.607192964213697 0.19853598286133267
3.606388832319142 0.19841316407838816
